# New York state Covid-19 epidemic data simulation. 
# Simulation data involves 178 days in year 2020. 
# From 6th March 2020 to 31st August
# Confirmed, Hospitalized, Dead, Infected, Asymptomatic, Recovered, Infected+Asymptomatic. 

# 	 C	    H	  D	  I	   Ia	  R	  I+Ia

    67      9      3   8994  12762    164  21756 
    85      6      0  10769  15348    215  26117 
   100     13      2  12679  18314    265  30993 
   129     10      4  14914  21649    324  36563 
   139     21      1  17459  25535    414  42994 
   178     26      2  20376  29962    527  50338 
   236     27      2  23757  34957    662  58714 
   315     39      2  27482  40536    845  68018 
   349     31      9  31373  46601   1064  77974 
   456     56      8  35716  53531   1326  89247 
   510     64     13  40374  60927   1691 101301 
   633     65     10  45559  68977   2176 114536 
   821     88     16  50969  77664   2782 128633 
   987    112     16  56543  86836   3477 143379 
  1130    137     20  62285  96402   4383 158687 
  1321    162     22  68310 106411   5559 174721 
  1579    210     25  74580 116754   6964 191334 
  1788    247     33  80754 127339   8678 208093 
  2085    299     32  86841 138087  10800 224928 
  2353    402     51  90181 144885  13397 235066 
  2594    421     67  93035 150825  16364 243860 
  2914    532     93  94689 155434  19813 250123 
  3186    563     92  95755 159060  23761 254815 
  3448    661    119  96173 161846  28321 258019 
  3748    716    146  96536 164539  33577 261075 
  4023    798    169  98424 169514  39472 267938 
  4252    905    188  98084 171138  45805 269222 
  4353   1029    223  97186 171787  52858 268973 
  4363   1067    262  96136 172331  60570 268467 
  4555   1167    282  94957 172018  68871 266975 
  4574   1226    295  93341 171126  77630 264467 
  4519   1239    341  91449 169683  86747 261132 
  4580   1253    358  89713 168038  96211 257751 
  4394   1349    403  88033 166471 105990 254504 
  4678   1461    419  86182 164040 115804 250222 
  4451   1422    427  83251 160574 125650 243825 
  4363   1409    493  80169 156501 135615 236670 
  4181   1424    493  78035 153744 145781 231779 
  4148   1389    487  75298 149716 155966 225014 
  4055   1345    505  71150 143514 166000 214664 
  3987   1331    511  67546 138042 175894 205588 
  3953   1315    490  64008 132758 185436 196766 
  3713   1348    503  60569 127748 194982 188317 
  3546   1270    466  57860 123476 204478 181336 
  3352   1340    492  54655 118305 213707 172960 
  3253   1241    502  52592 114743 222560 167335 
  3259   1201    502  51694 112763 231290 164457 
  2989   1135    494  49119 108479 239808 157598 
  2664   1070    538  47466 105319 247889 152785 
  2747   1059    474  45809 101966 255781 147775 
  2586    577    385  43698  98118 264164 141816 
  2483    494    365  42104  94804 272130 136908 
  2421    582    391  39758  90388 279438 130146 
  2222    492    304  37337  86245 286441 123582 
  2210    530    259  36176  83709 293214 119885 
  2051    460    262  34106  79875 299637 113981 
  1917    433    222  32433  76631 305806 109064 
  1918    408    215  31042  73723 311657 104765 
  1818    419    203  29777  71265 317253 101042 
  1686    392    176  28913  69379 322628  98292 
  1666    374    176  27548  66601 327759  94149 
  1612    333    172  25882  63476 332702  89358 
  1446    353    169  24270  60517 337423  84787 
  1361    311    153  22824  57642 341868  80466 
  1287    315    134  21463  54989 346132  76452 
  1249    280    126  20570  52990 350212  73560 
  1205    325    130  19783  51109 354211  70892 
  1162    282    125  19053  49313 357975  68366 
  1064    228    117  18453  47732 361548  66185 
  1058    234    111  18202  46627 365001  64829 
   978    235     94  17865  45430 368255  63295 
   985    230     86  17421  44186 371538  61607 
   956    208    100  17044  42917 374496  59961 
   865    176     88  16727  42029 377459  58756 
   846    174     82  16148  40585 380326  56733 
   869    210     84  15659  39269 383039  54928 
   780    197     82  15115  38055 385577  53170 
   803    150     75  15028  37398 388159  52426 
   809    177     67  15319  37293 390617  52612 
   758    155     81  15230  36709 392984  51939 
   793    143     53  15438  36573 395349  52011 
   747    152     48  14691  35060 397574  49751 
   759    159     58  14734  34846 399817  49580 
   727    142     57  14158  33650 401993  47808 
   694    137     51  13431  32288 404039  45719 
   668    139     48  12737  30961 406164  43698 
   654    137     46  12498  30279 408099  42777 
   653    142     46  11954  29196 410019  41150 
   643    118     54  12277  29476 411968  41753 
   596    108     49  11634  28229 413842  39863 
   570    132     52  11141  27191 415610  38332 
   567    127     34  10896  26473 417437  37369 
   564    117     47  10384  25359 419103  35743 
   545    103     41  10116  24805 420723  34921 
   520    117     38  10104  24505 422318  34609 
   545    125     43   9612  23498 423863  33110 
   469    105     53   9224  22752 425369  31976 
   524     90     34   8899  21981 426890  30880 
   426    105     31   8491  21162 428294  29653 
   447     98     34   8603  21006 429646  29609 
   437     60     51   8503  20628 430967  29131 
   416     61     57   8501  20427 432321  28928 
   419     60     45   8383  20006 433623  28389 
   397     50     33   8432  19876 434867  28308 
   397     58     28   8465  19688 436048  28153 
   399     56     21   8555  19641 437216  28196 
   384     48     28   8512  19349 438439  27861 
   395     54     32   8590  19264 439578  27854 
   414     55     20   8635  19147 440707  27782 
   407     47     29   8704  19129 441805  27833 
   390     43     24   8636  18934 442839  27570 
   381     45     23   8770  19061 443950  27831 
   379     50     27   8661  18686 445021  27347 
   411     54     19   8602  18467 446069  27069 
   463     66     22   8632  18443 447125  27075 
   365     43     21   8701  18474 448219  27175 
   405     48     13   8902  18644 449319  27546 
   410     41     23   9160  18880 450441  28040 
   398     44     18   9240  18897 451531  28137 
   392     43     15   9613  19246 452620  28859 
   401     50     21   9497  18890 453659  28387 
   405     51     22   9365  18567 454779  27932 
   403     42     13   9291  18306 455869  27597 
   421     40     22   9311  18193 456903  27504 
   458     53     19   9364  18318 457913  27682 
   446     42     14   9478  18438 458975  27916 
   466     46     17   9402  18297 460061  27699 
   424     53     18   9626  18528 461184  28154 
   478     59     17  10021  19012 462326  29033 
   451     46     22  10186  19215 463416  29401 
   433     56     27  10307  19290 464522  29597 
   488     59     20  10184  19011 465654  29195 
   452     63     20  10115  18967 466732  29082 
   487     57     25  10131  18984 467825  29115 
   489     53     26  10334  19285 468990  29619 
   497     57     23  10219  19112 470080  29331 
   499     46     26  10034  18922 471239  28956 
   513     44     20   9782  18538 472391  28320 
   521     75     23   9507  18228 473590  27735 
   496     54     21   9164  17723 474808  26887 
   468     62     17   8777  17135 475970  25912 
   459     60     19   8438  16628 477136  25066 
   465     53     18   8175  16234 478261  24409 
   466     62     29   7978  15975 479458  23953 
   445     52     21   7668  15464 480593  23132 
   427     77     25   7471  15228 481657  22699 
   438     56     25   7266  14939 482720  22205 
   366     53     19   7075  14626 483819  21701 
   415     86     31   6915  14287 484922  21202 
   364     62     25   6860  14120 485922  20980 
   352     56     11   6777  13915 486957  20692 
   365     49      9   6785  13852 487946  20637 
   349     44     14   6459  13311 488964  19770 
   363     54     11   6454  13134 489987  19588 
   379     40      8   6359  12967 490925  19326 
   320     35     13   6248  12779 491921  19027 
   392     41      7   6106  12435 492860  18541 
   326     39     14   5945  12241 493796  18186 
   353     37      4   5779  11899 494749  17678 
   325     52      9   5758  11796 495660  17554 
   333     41      9   5689  11587 496541  17276 
   327     39      4   5532  11307 497436  16839 
   340     36      9   5428  11104 498311  16532 
   302     47      5   5284  10835 499156  16119 
   307     41      5   5185  10597 500016  15782 
   315     25      6   5082  10419 500862  15501 
   303     28     11   4987  10243 501695  15230 
   270     34      6   4790   9883 502524  14673 
   302     34      9   4615   9497 503327  14112 
   302     29      5   4413   9214 504144  13627 
   274     38      6   4263   8887 504936  13150 
   250     37      4   4144   8592 505693  12736 
   275     36      2   3995   8293 506451  12288 
   247     29      4   3858   8068 507196  11926 
   250     34      3   3769   7839 507883  11608 
   257     33      6   3669   7599 508562  11268 
   233     31     10   3453   7260 509251  10713 
   198     28      5   3271   6920 509896  10191 
   232     25      3   3095   6580 510529   9675 
