# New York state Covid-19 epidemic data simulation. 
# Simulation data involves 178 days in year 2020. 
# From 6th March 2020 to 31st August
# Confirmed, Hospitalized, Dead, Infected, Asymptomatic, Recovered, Infected+Asymptomatic. 

# 	 C	    H	  D	  I	   Ia	  R	  I+Ia

    62      7      1   9088  13259    137  22347 
    85      3      1  10789  15859    185  26648 
    97     10      2  12767  18812    227  31579 
   117     13      0  15117  22207    297  37324 
   159     30      0  17684  26117    364  43801 
   183     20      2  20630  30555    481  51185 
   247     32      1  23957  35634    601  59591 
   275     36      7  27631  41291    788  68922 
   366     36      3  31816  47507   1001  79323 
   440     51     14  36121  54413   1285  90534 
   545     70     13  41065  61914   1664 102979 
   654     79      3  46258  70197   2132 116455 
   850    106     12  51786  78959   2746 130745 
   959    111      7  57523  88374   3522 145897 
  1105    142     27  63590  98277   4444 161867 
  1317    167     24  69793 108567   5620 178360 
  1545    227     29  76242 119258   7115 195500 
  1814    241     38  82777 130430   8950 213207 
  2031    300     39  89245 141498  11143 230743 
  2345    361     54  92969 148343  13684 241312 
  2638    414     56  96047 154663  16704 250710 
  2997    492     95  97919 159539  20126 257458 
  3194    577    107  99208 163644  24240 262852 
  3630    656     92  99884 166654  28924 266538 
  3820    743    149 100276 169703  34135 269979 
  4059    799    158 102377 175175  39895 277552 
  4318    891    198 102308 177192  46345 279500 
  4553    990    214 101322 178271  53517 279593 
  4627   1113    244 100356 179011  61343 279367 
  4591   1141    266  99175 178874  69675 278049 
  4587   1302    293  97644 178214  78754 275858 
  4541   1261    312  96051 176820  88294 272871 
  4622   1408    354  94419 175172  97787 269591 
  4735   1348    394  93016 173949 107878 266965 
  4813   1421    442  91025 171653 117967 262678 
  4718   1448    434  88142 168304 128150 256446 
  4576   1322    468  84879 164169 138416 249048 
  4539   1502    470  82652 161347 148822 243999 
  4439   1507    505  79716 157499 159384 237215 
  4365   1391    478  75277 151051 169842 226328 
  4257   1424    568  71306 145293 180230 216599 
  4104   1419    529  67525 139758 190393 207283 
  3983   1362    489  63975 134454 200337 198429 
  3680   1390    575  61130 130158 210081 191288 
  3634   1348    552  57806 124872 219614 182678 
  3395   1354    528  55532 121306 228893 176838 
  3335   1284    508  54608 119317 238189 173925 
  3187   1181    534  52013 114844 246935 166857 
  3085   1214    532  50240 111460 255593 161700 
  2827   1115    529  48195 107788 263881 155983 
  2735    632    407  45984 103725 272488 149709 
  2596    595    402  44251 100396 280852 144647 
  2494    589    370  41818  95754 288721 137572 
  2431    528    337  39324  91360 296122 130684 
  2296    553    299  38008  88724 303412 126732 
  2287    497    263  35871  84684 310077 120555 
  2017    449    244  34000  81341 316636 115341 
  2015    471    222  32541  78175 322993 110716 
  1866    451    226  31221  75326 329023 106547 
  1752    417    181  30377  73125 334835 103502 
  1753    353    189  28958  70055 340356  99013 
  1603    408    182  27205  66764 345648  93969 
  1463    350    189  25602  63508 350619  89110 
  1548    337    144  24139  60484 355364  84623 
  1352    307    157  22591  57583 359910  80174 
  1252    296    133  21632  55408 364258  77040 
  1220    274    131  20877  53421 368471  74298 
  1253    287    135  20121  51508 372406  71629 
  1214    257    105  19438  49842 376180  69280 
  1148    251    123  18995  48726 379787  67721 
  1023    252    131  18511  47499 383366  66010 
   978    249     96  18054  46016 386786  64070 
   924    228     96  17670  44771 390146  62441 
   926    207     86  17449  43602 393182  61051 
   926    203     81  16815  42044 396240  58859 
   895    193     83  16256  40630 399089  56886 
   888    157     75  15686  39226 401834  54912 
   836    173     83  15502  38449 404529  53951 
   850    149     77  15763  38233 407217  53996 
   872    177     79  15595  37543 409730  53138 
   745    160     73  15705  37251 412237  52956 
   791    145     54  14997  35713 414607  50710 
   747    158     56  15076  35299 416952  50375 
   705    128     73  14490  34064 419316  48554 
   718    153     45  13785  32510 421477  46295 
   733    139     53  13067  31118 423599  44185 
   656    144     53  12765  30359 425681  43124 
   646    133     40  12240  29192 427702  41432 
   665    148     43  12629  29382 429623  42011 
   652    107     61  11964  28152 431504  40116 
   586    124     47  11427  27083 433363  38510 
   602    131     53  11145  26336 435166  37481 
   554    124     36  10587  25238 436946  35825 
   535    116     25  10332  24523 438571  34855 
   525    123     49  10298  24202 440251  34500 
   486    109     44   9790  23176 441785  32966 
   476    102     29   9447  22409 443336  31856 
   475     97     43   9108  21649 444764  30757 
   455    113     42   8722  20883 446134  29605 
   457    103     29   8751  20698 447505  29449 
   463     67     54   8650  20299 448859  28949 
   426     49     49   8606  20069 450188  28675 
   406     65     45   8471  19607 451463  28078 
   438     47     34   8511  19421 452733  27932 
   420     62     33   8471  19206 453974  27677 
   405     44     40   8558  19101 455176  27659 
   367     64     22   8461  18750 456354  27211 
   434     55     26   8514  18642 457496  27156 
   419     40     22   8459  18480 458630  26939 
   412     40     26   8500  18400 459742  26900 
   398     59     24   8417  18123 460926  26540 
   396     53     23   8494  18028 462020  26522 
   417     41     24   8361  17655 463163  26016 
   368     59     28   8211  17341 464276  25552 
   409     49     28   8233  17209 465376  25442 
   400     42     28   8281  17117 466390  25398 
   437     40     17   8357  17186 467470  25543 
   424     49     31   8469  17304 468532  25773 
   395     50     19   8459  17247 469578  25706 
   429     47     21   8710  17428 470695  26138 
   411     51     32   8511  16967 471844  25478 
   424     48     18   8279  16554 472933  24833 
   413     51     23   8116  16234 474041  24350 
   412     42     12   8016  16055 475107  24071 
   425     41     15   8020  15920 476186  23940 
   452     40     21   8032  15847 477229  23879 
   420     62     19   7875  15638 478252  23513 
   403     43     17   7988  15689 479299  23677 
   437     39     24   8225  15938 480405  24163 
   411     51     19   8249  15951 481450  24200 
   430     46     23   8278  15917 482520  24195 
   363     53     14   8072  15593 483593  23665 
   382     44     22   8017  15371 484718  23388 
   426     47     18   7968  15152 485758  23120 
   410     52     19   8032  15173 486803  23205 
   455     56     11   7897  14828 487810  22725 
   438     50     17   7656  14501 488790  22157 
   407     44     27   7376  14122 489835  21498 
   403     55     16   7173  13737 490886  20910 
   397     55     18   6880  13251 491930  20131 
   362     50     20   6569  12718 492940  19287 
   407     54     24   6282  12223 493918  18505 
   368     53     17   6009  11842 494882  17851 
   340     52     17   5808  11529 495744  17337 
   354     38     19   5581  11137 496732  16718 
   344     46     25   5399  10759 497570  16158 
   302     38     15   5200  10498 498511  15698 
   337     51     18   5048  10130 499384  15178 
   307     44     19   4848   9797 500249  14645 
   314     43     13   4762   9635 501028  14397 
   274     38      4   4650   9402 501823  14052 
   251     39      8   4590   9241 502607  13831 
   243     32      8   4356   8795 503338  13151 
   252     33      6   4302   8657 504080  12959 
   267     33      8   4230   8444 504816  12674 
   242     23      5   4123   8224 505512  12347 
   232     29      9   3990   7958 506258  11948 
   234     24     11   3901   7700 506950  11601 
   256     27      7   3742   7398 507576  11140 
   243     27      4   3706   7305 508211  11011 
   250     24      2   3594   7126 508867  10720 
   222     24      5   3447   6857 509449  10304 
   218     13      5   3368   6714 510036  10082 
   210     21      4   3266   6538 510598   9804 
   170     29      9   3159   6374 511221   9533 
   218     21      4   3121   6190 511750   9311 
   193     14      3   3032   6031 512301   9063 
   178     22      4   2901   5800 512803   8701 
   191     23      9   2777   5590 513294   8367 
   190     30      5   2665   5399 513792   8064 
   158     24      7   2548   5241 514257   7789 
   175     22      5   2477   5090 514722   7567 
   169     15      5   2363   4884 515209   7247 
   157     18      6   2272   4727 515659   6999 
   164     17      3   2205   4598 516083   6803 
   148     19      2   2118   4442 516488   6560 
   133     20      5   2007   4254 516916   6261 
   127     18      3   1909   4043 517308   5952 
   138     18      1   1795   3823 517670   5618 
