# New York state Covid-19 epidemic data simulation. 
# Simulation data involves 178 days in year 2020. 
# From 6th March 2020 to 31st August
# Confirmed, Hospitalized, Dead, Infected, Asymptomatic, Recovered, Infected+Asymptomatic. 

# 	 C	    H	  D	  I	   Ia	  R	  I+Ia

    84     15      2   8865   9092    175  17957 
   104     17      1  10462  10822    219  21284 
   122     13      4  12303  12838    277  25141 
   158     21      5  14359  15089    365  29448 
   198     27      0  16763  17832    443  34595 
   198     24      6  19450  20836    582  40286 
   283     38      2  22582  24215    750  46797 
   344     43      8  26078  28019    932  54097 
   426     50      5  29858  32321   1154  62179 
   537     64      8  34022  37064   1432  71086 
   642     65     15  38580  42243   1755  80823 
   787    108     14  43388  47760   2154  91148 
   938    106     15  48553  53759   2687 102312 
  1108    155     15  54056  60211   3299 114267 
  1277    206     29  59936  67166   4077 127102 
  1477    203     36  65922  74318   5146 140240 
  1728    257     35  72189  81909   6400 154098 
  2081    328     42  78417  89722   7868 168139 
  2340    392     57  84743  97920   9686 182663 
  2753    423     74  88267 103167  11792 191434 
  2939    556    108  90888 107936  14277 198824 
  3222    611    128  92514 111553  17116 204067 
  3646    666    131  93685 114816  20463 208501 
  3953    790    167  94022 117385  24294 211407 
  4182    851    164  94306 119957  28588 214263 
  4446    985    191  96240 124437  33324 220677 
  4629   1075    234  95882 126367  38639 222249 
  5019   1159    257  94883 127555  44324 222438 
  4836   1290    316  93459 128645  50554 222104 
  4816   1332    350  91986 129171  57314 221157 
  4670   1424    376  90444 129353  64697 219797 
  4788   1402    420  88889 129029  72221 217918 
  4866   1512    434  87141 128470  80000 215611 
  4688   1481    466  85516 128163  87946 213679 
  4945   1498    488  83690 127347  96025 211037 
  4712   1488    530  80784 125542 104345 206326 
  4588   1410    517  77677 123122 112634 200799 
  4477   1582    550  75671 121699 120994 197370 
  4505   1389    508  73021 119368 129588 192389 
  4201   1456    527  68516 115027 137874 183543 
  4137   1391    552  64781 111336 146217 176117 
  3916   1488    598  61169 107690 154347 168859 
  3693   1318    550  57837 104211 162481 162048 
  3591   1362    546  55337 101328 170525 156665 
  3399   1278    542  52127  97665 178127 149792 
  3210   1227    527  50232  95251 185594 145483 
  3145   1176    524  49702  94198 192795 143900 
  2982   1156    510  47388  91271 199763 138659 
  2784   1038    512  45865  89235 206704 135100 
  2641   1036    469  44210  86743 213351 130953 
  2537    549    386  42209  83946 220241 126155 
  2493    587    378  40788  81674 226910 122462 
  2410    573    364  38467  78428 233311 116895 
  2263    507    276  36057  75138 239225 111195 
  2221    474    259  35023  73365 245016 108388 
  2169    436    238  32967  70514 250691 103481 
  1914    419    190  31281  68003 255976  99284 
  1925    411    189  29994  65806 261041  95800 
  1749    393    175  28779  63826 265998  92605 
  1672    378    170  28241  62257 270785  90498 
  1669    356    162  26948  59919 275191  86867 
  1518    346    165  25279  57527 279617  82806 
  1398    362    142  23761  55039 283785  78800 
  1416    283    134  22363  52650 287847  75013 
  1277    309    137  20947  50337 291678  71284 
  1278    280    123  20152  48589 295298  68741 
  1233    265    125  19402  47078 298847  66480 
  1130    245     95  18711  45564 302224  64275 
  1065    216    104  18218  44228 305467  62446 
  1043    232     83  18146  43304 308554  61450 
  1007    241    104  17882  42296 311542  60178 
   982    189     80  17478  41186 314385  58664 
   891    208     77  17164  40175 317108  57339 
   890    189     76  17058  39324 319820  56382 
   930    175     81  16519  38046 322340  54565 
   859    188     72  15996  36881 324788  52877 
   881    154     75  15532  35789 327194  51321 
   825    154     78  15481  35217 329520  50698 
   851    136     68  15929  35153 331786  51082 
   807    156     60  15930  34590 334000  50520 
   811    170     66  16239  34394 336196  50633 
   820    156     67  15498  33163 338275  48661 
   776    134     59  15724  32920 340383  48644 
   766    147     44  15139  31839 342483  46978 
   763    154     55  14373  30533 344364  44906 
   718    141     51  13610  29415 346188  43025 
   800    137     35  13395  28861 348043  42256 
   724    141     48  12743  27893 349854  40636 
   713    127     40  13286  28045 351630  41331 
   752    135     49  12573  26980 353436  39553 
   620    129     50  11931  26060 355134  37991 
   649    149     47  11687  25462 356871  37149 
   590    150     46  11093  24502 358510  35595 
   608    124     38  10878  23952 360091  34830 
   571    130     52  10861  23630 361606  34491 
   600    117     37  10324  22762 363122  33086 
   540    103     35   9904  22047 364642  31951 
   554    115     49   9520  21307 366018  30827 
   477    119     39   9100  20635 367397  29735 
   473    104     49   9204  20447 368761  29651 
   473     59     74   9139  20069 370006  29208 
   464     61     63   9180  19891 371268  29071 
   447     71     42   9044  19498 372534  28542 
   483     58     45   9138  19267 373762  28405 
   454     68     31   9140  19028 374926  28168 
   423     55     30   9262  18902 375997  28164 
   458     64     22   9225  18666 377132  27891 
   429     65     30   9348  18588 378273  27936 
   461     63     28   9400  18393 379318  27793 
   504     59     21   9513  18354 380421  27867 
   481     56     35   9427  18132 381531  27559 
   471     66     25   9597  18068 382562  27665 
   454     60     20   9400  17739 383660  27139 
   480     46     11   9316  17513 384730  26829 
   487     50     20   9342  17429 385790  26771 
   478     45     24   9445  17432 386826  26877 
   472     56     27   9541  17506 387861  27047 
   538     58     21   9743  17734 388913  27477 
   497     54     29   9740  17631 389947  27371 
   462     60     23  10025  17844 390983  27869 
   471     68     24   9846  17520 392077  27366 
   481     65     23   9621  17151 393177  26772 
   447     50     17   9481  16863 394255  26344 
   498     61     30   9490  16761 395330  26251 
   488     53     25   9536  16706 396377  26242 
   502     49     18   9635  16739 397465  26374 
   506     63     30   9561  16548 398455  26109 
   516     49     20   9765  16701 399560  26466 
   532     43     23  10114  16894 400583  27008 
   460     64     25  10249  17011 401629  27260 
   495     68     22  10394  17044 402687  27438 
   508     61     19  10233  16828 403765  27061 
   509     53     21  10223  16723 404809  26946 
   540     67     26  10258  16685 405863  26943 
   552     53     24  10446  16847 406974  27293 
   543     71     29  10253  16634 408038  26887 
   563     73     21  10053  16419 409124  26472 
   576     67     19   9743  16078 410234  25821 
   521     68     22   9481  15784 411341  25265 
   541     68     23   9152  15388 412422  24540 
   536     60     29   8729  14951 413500  23680 
   487     63     34   8311  14518 414603  22829 
   495     54     31   8044  14187 415650  22231 
   469     55     17   7856  13950 416667  21806 
   455     58     26   7555  13614 417705  21169 
   432     60     30   7369  13355 418713  20724 
   471     56     28   7170  13055 419674  20225 
   412     59     26   6955  12805 420587  19760 
   384     58     22   6795  12502 421561  19297 
   386     57     26   6820  12416 422532  19236 
   371     42     11   6732  12209 423490  18941 
   409     52     13   6761  12097 424456  18858 
   400     41     13   6383  11616 425375  17999 
   395     37      6   6318  11512 426262  17830 
   395     40     10   6233  11317 427178  17550 
   379     50     10   6105  11130 428041  17235 
   346     40      3   5924  10896 428838  16820 
   346     39      3   5810  10696 429682  16506 
   331     47      8   5605  10392 430504  15997 
   342     47      6   5657  10346 431338  16003 
   381     40      9   5616  10175 432135  15791 
   300     51     16   5423   9944 432922  15367 
   360     40      8   5380   9784 433707  15164 
   307     40      7   5237   9604 434462  14841 
   319     32      5   5193   9431 435221  14624 
   305     32      7   5133   9305 436020  14438 
   300     41      6   5076   9142 436700  14218 
   315     30      8   4917   8888 437400  13805 
   289     38      5   4731   8621 438086  13352 
   312     43      6   4601   8394 438780  12995 
   275     25      3   4441   8194 439471  12635 
   272     28      9   4358   8017 440149  12375 
   259     39      7   4206   7762 440841  11968 
   263     28      4   4118   7606 441461  11724 
   236     19      6   4078   7491 442093  11569 
   283     21      8   4019   7325 442726  11344 
   255     34      6   3793   7042 443330  10835 
   251     28      4   3594   6757 443907  10351 
   218     22      6   3373   6482 444455   9855 
